
min_x = 26568;
min_y = 32036;
min_z = 32444;
 
max_x = 33580;
max_y = 38632;
max_z = 35940;